%YAML:1.0
---
camera1_focal: 1.7333623377187971e+03
camera1_aspect: 1.
camera1_ppx: 311.
camera1_ppy: 4.8250000000000000e+02
camera1_R: !!opencv-matrix
   rows: 3
   cols: 3
   dt: f
   data: [ 9.92387354e-01, -1.37545140e-02, -1.22385077e-01,
       1.34966149e-09, 9.93743896e-01, -1.11684024e-01, 1.23155601e-01,
       1.10833816e-01, 9.86178875e-01 ]
camera1_t: !!opencv-matrix
   rows: 3
   cols: 1
   dt: d
   data: [ 0., 0., 0. ]
camera2_focal: 1.7267644150024541e+03
camera2_aspect: 1.
camera2_ppx: 3.0950000000000000e+02
camera2_ppy: 4.8250000000000000e+02
camera2_R: !!opencv-matrix
   rows: 3
   cols: 3
   dt: f
   data: [ 9.92390752e-01, 1.35051748e-02, 1.22385077e-01,
       -7.45058060e-09, 9.93966639e-01, -1.09683953e-01, -1.23127982e-01,
       1.08849332e-01, 9.86403346e-01 ]
camera2_t: !!opencv-matrix
   rows: 3
   cols: 1
   dt: d
   data: [ 0., 0., 0. ]
